# Created by Octave 2.1.57, Wed May 03 22:06:15 2006 JST <sunge@localhost.localdomain>
# name: R
# type: scalar
100000
# name: r
# type: matrix
# rows: 1
# columns: 121
 3584.09347853801 3404.68798259888 3235.56571741717 3076.06848618277 2925.58436066584 2783.54415184173 2649.41816998946 2522.71324892022 2402.97001134681 2289.76035452853 2182.68513724246 2081.37205086274 1985.47365889256 1894.66559070773 1808.6448765489 1727.12841195703 1649.85154089513 1576.5667477486 1507.042449258 1441.06187821931 1378.42205149546 1318.93281552733 1262.41596311721 1208.70441578986 1157.64146652017 1109.08007805679 1062.88223247217 1018.9183279348 977.066619032389 937.212697278466 899.249008712097 863.074405753188 828.593730707053 795.717428522977 764.361186604523 734.445599645901 705.89585763024 678.641455273508 652.615921333325 627.756566326016 604.004247309085 581.303148490666 559.600576523307 538.846769427351 518.994718169954 500 481.820622707327 464.416879037468 447.751210550772 431.788080267911 416.493853492659 401.836686247913 387.786420802394 374.314487803788 361.393814569347 348.998739117549 337.104929554488 325.689308456397 314.729981915372 304.206172939033 294.098158916786 284.38721288558 275.055548346819 266.086267403396 257.463312001926 249.171418080054 241.196072432567 233.52347212275 226.1404862773 219.034620114078 212.193981062172 205.607246843201 199.26363539157 193.15287649954 187.265185080554 181.591235951303 176.122140039557 170.849421930889 165.764998673067 160.861159762176 156.130548239431 151.566142832213 147.161241077126 142.909443366828 138.804637866096 134.840986246031 131.012910188527 127.315078616116 123.742395605132 120.289988942709 116.953199290607 113.727569921124 110.608836992477 107.592920333047 104.675914705719 101.854081525316 99.1238410037336 96.4817646989229 93.9245684452833 91.4491056443714 89.0523608960813 86.7314439516207 84.4835839707111 82.3061240664645 80.1965161223581 78.1523158666321 76.1711781902844 74.2508526956343 72.389179463174 70.584085025128 68.8335785348024 67.1357481214217 65.488757420736 63.8908422722255 62.3403075742444 60.8355242889293 59.3749265891511 57.9570091402184 56.5803245094398 55.2434806970346 53.9451387822337
# name: t
# type: matrix
# rows: 1
# columns: 121
 -20 -19 -18 -17 -16 -15 -14 -13 -12 -11 -10 -9 -8 -7 -6 -5 -4 -3 -2 -1 0 1 2 3 4 5 6 7 8 9 10 11 12 13 14 15 16 17 18 19 20 21 22 23 24 25 26 27 28 29 30 31 32 33 34 35 36 37 38 39 40 41 42 43 44 45 46 47 48 49 50 51 52 53 54 55 56 57 58 59 60 61 62 63 64 65 66 67 68 69 70 71 72 73 74 75 76 77 78 79 80 81 82 83 84 85 86 87 88 89 90 91 92 93 94 95 96 97 98 99 100
