# Created by Octave 2.1.57, Thu May 04 17:21:51 2006 JST <sunge@localhost.localdomain>
# name: R
# type: scalar
5600
# name: r
# type: matrix
# rows: 1
# columns: 104
 1576.5667477486 1507.042449258 1441.06187821931 1378.42205149546 1318.93281552733 1262.41596311721 1208.70441578986 1157.64146652017 1109.08007805679 1062.88223247217 1018.9183279348 977.066619032389 937.212697278466 899.249008712097 863.074405753188 828.593730707053 795.717428522977 764.361186604523 734.445599645901 705.89585763024 678.641455273508 652.615921333325 627.756566326016 604.004247309085 581.303148490666 559.600576523307 538.846769427351 518.994718169954 500 481.820622707327 464.416879037468 447.751210550772 431.788080267911 416.493853492659 401.836686247913 387.786420802394 374.314487803788 361.393814569347 348.998739117549 337.104929554488 325.689308456397 314.729981915372 304.206172939033 294.098158916786 284.38721288558 275.055548346819 266.086267403396 257.463312001926 249.171418080054 241.196072432567 233.52347212275 226.1404862773 219.034620114078 212.193981062172 205.607246843201 199.26363539157 193.15287649954 187.265185080554 181.591235951303 176.122140039557 170.849421930889 165.764998673067 160.861159762176 156.130548239431 151.566142832213 147.161241077126 142.909443366828 138.804637866096 134.840986246031 131.012910188527 127.315078616116 123.742395605132 120.289988942709 116.953199290607 113.727569921124 110.608836992477 107.592920333047 104.675914705719 101.854081525316 99.1238410037336 96.4817646989229 93.9245684452833 91.4491056443714 89.0523608960813 86.7314439516207 84.4835839707111 82.3061240664645 80.1965161223581 78.1523158666321 76.1711781902844 74.2508526956343 72.389179463174 70.584085025128 68.8335785348024 67.1357481214217 65.488757420736 63.8908422722255 62.3403075742444 60.8355242889293 59.3749265891511 57.9570091402184 56.5803245094398 55.2434806970346 53.9451387822337
# name: t
# type: matrix
# rows: 1
# columns: 104
 -3 -2 -1 0 1 2 3 4 5 6 7 8 9 10 11 12 13 14 15 16 17 18 19 20 21 22 23 24 25 26 27 28 29 30 31 32 33 34 35 36 37 38 39 40 41 42 43 44 45 46 47 48 49 50 51 52 53 54 55 56 57 58 59 60 61 62 63 64 65 66 67 68 69 70 71 72 73 74 75 76 77 78 79 80 81 82 83 84 85 86 87 88 89 90 91 92 93 94 95 96 97 98 99 100
# name: V_in
# type: matrix
# rows: 1
# columns: 104
 1098.41293418137 1060.24584770515 1023.32709408297 987.631617379799 953.133128108578 919.804315201965 887.617042815659 856.542532076873 826.551528043485 797.614452265202 769.701541439566 742.782972735142 716.828976414246 691.809936430097 667.69647970083 644.459554777247 622.070500624618 600.501106233036 579.723661757358 559.711001868271 540.436541971598 521.874307924993 503.998959850443 486.78581060858 470.210839467247 454.250701462826 438.882732918919 424.08495355359 409.83606557377 396.115450123917 382.903161425785 370.179918917329 357.927097671452 346.126717349573 334.761429920816 323.814506355112 313.269822477482 303.111844151378 293.325611940975 283.896725385805 274.811327005969 266.056086142289 257.618182723117 249.485291038006 241.645563588025 234.087615073032 226.800506567711 219.773729930484 212.997192482558 206.461201988141 200.156451961419 194.074007320922 188.20529040759 182.542067378999 177.076434988777 171.800807757307 166.70790553714 161.790741474332 157.042610364882 152.457077403795 148.02796732281 143.749353911594 139.615549916166 135.621097307448 131.760757912086 128.029504397153 124.42251159984 120.935148192907 117.562968676396 114.30170568593 111.147262607804 108.095706491041 105.143261246571 102.286301123752 99.5213444545568 96.8450476558376 94.2541994802676 91.7457155067142 89.3166328609981 86.9641051582026 84.6853976579194 82.4778826240486 80.3390348810101 78.2664275584683 76.2577280169154 74.3106939467119 72.4231696334262 70.5930823825661 68.8184390970358 67.0973230008981 65.4278905032551 63.8083681962957 62.2370499817879 60.712294320513 59.2325215993602 57.7962116110087 56.4019011413309 55.0481816598472 53.7336971087594 52.4571417862712 51.2172583200888 50.0128357271641 48.8427075559137 47.705750107307
