# Created by Octave 2.1.57, Sun Jan 22 00:58:50 2006 JST <sunge@localhost.localdomain>
# name: x
# type: matrix
# rows: 1
# columns: 128
 0 1 2 3 4 5 6 7 8 9 10 11 12 13 14 15 16 17 18 19 20 21 22 23 24 25 26 27 28 29 30 31 32 33 34 35 36 37 38 39 40 41 42 43 44 45 46 47 48 49 50 51 52 53 54 55 56 57 58 59 60 61 62 63 64 65 66 67 68 69 70 71 72 73 74 75 76 77 78 79 80 81 82 83 84 85 86 87 88 89 90 91 92 93 94 95 96 97 98 99 100 101 102 103 104 105 106 107 108 109 110 111 112 113 114 115 116 117 118 119 120 121 122 123 124 125 126 127
# name: fx_sine_base
# type: matrix
# rows: 1
# columns: 128
 63 66 69 72 75 78 81 84 87 90 93 95 98 101 103 105 108 110 112 114 115 117 119 120 121 122 123 124 125 125 126 126 126 126 126 125 125 124 123 122 121 120 119 117 115 114 112 110 108 105 103 101 98 95 93 90 87 84 81 78 75 72 69 66 63 60 57 54 51 48 45 42 39 36 33 31 28 25 23 21 18 16 14 12 11 9 7 6 5 4 3 2 1 1 0 0 0 0 0 1 1 2 3 4 5 6 7 9 11 12 14 16 18 21 23 25 28 31 33 36 39 42 45 48 51 54 57 60
